% -------------------------------------------------------------------
%  Generated by MATLAB on 21-Feb-2023 17:30:28
%  MATLAB version: 9.11.0.1769968 (R2021b)
% -------------------------------------------------------------------
                               

AccessoryLoad = 600;

C = 636;

InternalResistance = 0.1;

aeroDragCoeff = 0.38;

airDensity = 1.23;

angle = 0;

driveLineGear = 10;

energyCapacity = 40;

frontArea = 14;

gravity = 9.82;

inertialMassVeh = 15000;

initialSOC = 0.95;

kc = 0.0452;

ki = 0.0167;

kw = 5.664E-6;

massVeh = 15000;

maxBreakForce = 30000;

motorModelMaxPowerOut = 100000;

motorModelMaxTrqOut = 2000;

openCircuitVoltage = 396;

regenbreakFraction = 0.55;

rollingResistCoeff = 0.01;

spinLoss = 30;

wheelRadius = 0.5;

