% -------------------------------------------------------------------
%  Generated by MATLAB on 22-Feb-2023 08:32:14
%  MATLAB version: 9.11.0.1769968 (R2021b)
% -------------------------------------------------------------------
                               

AccessoryLoad = 600;

C = 636;

InternalResistance = 0.1;

aeroDragCoeff = 0.38;

airDensity = 1.21;

angle = 0;

driveLineGear = 10;

energyCapacity = 40;

frontArea = 16;

gravity = 9.82;

inertialMassVeh = 15600;

initialSOC = 0.95;

kc = 0.0452;

ki = 0.0167;

kw = 5.664E-6;

massVeh = 15000;

maxBreakForce = 30000;

motorModelMaxPowerOut = 320000;

motorModelMaxTrqOut = 700;

openCircuitVoltage = 396;

regenbreakFraction = 0.55;

rollingResistCoeff = 0.01;

spinLoss = 10;

wheelRadius = 0.5;

