% -------------------------------------------------------------------
%  Generated by MATLAB on 21-Feb-2023 15:53:50
%  MATLAB version: 9.11.0.1769968 (R2021b)
% -------------------------------------------------------------------
                               

AccessoryLoad = 200;

C = 628.297;

InternalResistance = 0.1;

aeroDragCoeff = 0.38;

airDensity = 1.23;

angle = 0;

driveLineGear = 3.55;

energyCapacity = 40;

frontArea = 16;

gravity = 9.82;

inertialMassVeh = 5000;

initialSOC = 0.95;

kc = 0.0452;

ki = 0.0167;

kw = 5.664E-6;

massVeh = 5000;

maxBreakForce = 10000;

motorModelMaxPowerOut = 10000;

motorModelMaxTrqOut = 600;

openCircuitVoltage = 396;

regenbreakFraction = 0.55;

rollingResistCoeff = 0.01;

spinLoss = 6;

wheelRadius = 0.35;


Sig = Simulink.Signal;
Sig.CoderInfo.StorageClass = 'Auto';
Sig.Description = '';
Sig.DataType = 'auto';
Sig.Min = [];
Sig.Max = [];
Sig.DocUnits = '';
Sig.Dimensions = -1;
Sig.DimensionsMode = 'auto';
Sig.Complexity = 'auto';
Sig.SampleTime = -1;
Sig.InitialValue = '';

