% -------------------------------------------------------------------
%  Generated by MATLAB on 14-Feb-2023 10:19:22
%  MATLAB version: 9.13.0.2080170 (R2022b) Update 1
% -------------------------------------------------------------------
                                       

AeroDragCoeff = 1;

airDensity = 1.23;

frontArea = 12;

